-20161228231453
20161229010001
20161230010001
20161231010001
20170101010001
20170102010001
20170103010001
20170104010001
20170105010001
20170106010001
20170107010001
20170108010001
20170109010001
20170110004006
20170110010001
20170111010001
20170112010001
20170113010002
20170114010001
20170115010001
20170116010001
20170117010001
20170118010001
20170119010001
20170120010001
20170121010001
20170122010001
20170123010001
20170124010001
20170125010001
20170126010001
20170127010001
20170127192503
20170128010001
20170129010001
20170130010001
20170131010001
20170201010001
20170202010001
20170203010001
20170204010001
20170205010001
20170206010001
20170207010001
20170208010001
20170209010001
20170210010001
20170211010001
20170212010001
20170213010001
20170214010001
20170215010001
20170216010001
20170217010001
20170218010002
20170219010001
20170220010001
20170220124437
20170220124607
20170221010001
20170221160512
